0.444140
1.000000
-1.000000
0.625624
-1.076151
0.518723
0.539003
-0.282068
0.926392
-0.497989
1.000000
1.125640
-1.000000
0.823203
-0.455727
-1.012874
-0.609580
-1.069689
-1.244074
-1.268363
0.241580
0.510501
-0.889231
0.005672
0.861746
0.706187
-0.930591
-0.074734
0.523438
-0.384956
1.000000
-0.460439
-0.246371
0.210593
-0.408164
-1.000000
1.000000
-0.551455
1.026985
-0.771178
0.562077
0.232814
0.733786
1.072963
1.229376
0.415272
-0.869851
0.819917
0.964086
-1.000000
1.000000
0.073992
-0.265413
1.008932
-1.000000
-0.711004
0.239686
-0.420231
-0.605078
1.000000
-0.133366
-0.313566
1.019224
-0.569507
0.332202
-0.417764
0.996208
1.208073
0.562186
0.588944
-0.026943
-0.136395
0.994800
1.206014
1.141486
1.116472
0.100649
-0.966788
-0.781159
-0.135044
0.328428
-1.000000
0.842974
-0.789560
0.709456
0.627811
0.074218
-0.999172
-1.221283
-0.562056
0.861294
-0.510824
0.470871
0.303460
0.618748
0.359634
0.919642
-0.413173
0.566544
0.501278
-1.009130
1.000000
0.580479
0.187593
0.884612
-0.171900
-0.580528
-0.931828
1.183878
-0.247941
0.892560
1.151441
1.268416
1.303023
1.274602
0.054605
-0.784463
0.813973
0.350864
-0.026913
-0.997944
-0.333524
-0.855332
0.189863
0.667421
0.052508
-0.982990
-1.000000
-0.104688
0.251782
0.666023
0.817088
-0.614806
-0.904975
-0.707862
0.184527
-0.985681
1.000000
1.002247
1.035715
-0.770220
-0.722590
0.831248
1.158338
-1.000000
0.889149
-0.889657
-0.066518
-0.972688
0.559499
0.455349
-0.923882
-1.078309
