2961.000000
4226.000000
5559.000000
6455.000000
7168.000000
8467.000000
9367.000000
10724.000000
11657.000000
12582.000000
12823.000000
13202.000000
13765.000000
14194.000000
14904.000000
16006.000000
16540.000000
17825.000000
18395.000000
19604.000000
20282.000000
21263.000000
22144.000000
23222.000000
24473.000000
26335.000000
26765.000000
28168.000000
30087.000000
30696.000000
31433.000000
33203.000000
34801.000000
35889.000000
37337.000000
37749.000000
38547.000000
39216.000000
39658.000000
40273.000000
41202.000000
41783.000000
42974.000000
43874.000000
44444.000000
44756.000000
45493.000000
46045.000000
47175.000000
48983.000000
49340.000000
49980.000000
50321.000000
50851.000000
51349.000000
51823.000000
52340.000000
52629.000000
52976.000000
53380.000000
53863.000000
54607.000000
55028.000000
55377.000000
55712.000000
56138.000000
56733.000000
57047.000000
57881.000000
59189.000000
59471.000000
59825.000000
60296.000000
61043.000000
61554.000000
62030.000000
62461.000000
62879.000000
63394.000000
64654.000000
65086.000000
66138.000000
67132.000000
67857.000000
68270.000000
68817.000000
69653.000000
71325.000000
72034.000000
73513.000000
74132.000000
76324.000000
76965.000000
77553.000000
78279.000000
79878.000000
80292.000000
80720.000000
81204.000000
81588.000000
82774.000000
84323.000000
85323.000000
88175.000000
88918.000000
90440.000000
91647.000000
92972.000000
93505.000000
93944.000000
94830.000000
95924.000000
97106.000000
101005.000000
102051.000000
103676.000000
105841.000000
107141.000000
107702.000000
108939.000000
109715.000000
110402.000000
110709.000000
111284.000000
111853.000000
112492.000000
114375.000000
116395.000000
117852.000000
118549.000000
121216.000000
123028.000000
124406.000000
125521.000000
126870.000000
127903.000000
128592.000000
130196.000000
131954.000000
