1909.000000
3950.000000
4435.000000
5272.000000
6595.000000
8463.000000
9994.000000
11933.000000
12995.000000
13652.000000
14839.000000
16034.000000
16621.000000
17325.000000
18562.000000
19421.000000
20825.000000
22571.000000
23509.000000
23820.000000
24242.000000
24751.000000
25982.000000
27148.000000
27620.000000
28194.000000
28578.000000
29106.000000
29689.000000
31961.000000
32760.000000
33269.000000
33884.000000
36034.000000
36461.000000
37610.000000
38710.000000
40411.000000
40803.000000
41476.000000
41877.000000
44035.000000
44870.000000
45909.000000
46535.000000
47114.000000
48709.000000
49501.000000
50073.000000
51671.000000
52079.000000
52605.000000
53198.000000
54988.000000
56224.000000
56757.000000
57944.000000
64253.000000
66201.000000
67297.000000
67640.000000
68312.000000
68823.000000
69133.000000
69490.000000
70069.000000
70862.000000
71915.000000
75141.000000
76566.000000
76933.000000
77807.000000
78192.000000
79010.000000
79602.000000
81478.000000
82309.000000
83400.000000
84061.000000
85610.000000
86218.000000
86658.000000
87353.000000
89506.000000
90103.000000
91370.000000
91798.000000
92288.000000
92634.000000
93068.000000
93770.000000
95182.000000
95519.000000
95906.000000
96638.000000
98643.000000
100111.000000
101208.000000
101794.000000
102515.000000
104096.000000
104786.000000
105304.000000
105654.000000
106591.000000
108725.000000
109447.000000
110688.000000
111154.000000
111713.000000
112748.000000
113710.000000
114376.000000
115308.000000
115904.000000
116531.000000
117832.000000
118947.000000
119922.000000
120532.000000
122499.000000
123700.000000
125650.000000
126813.000000
127515.000000
128775.000000
129491.000000
130384.000000
131158.000000
132412.000000
132963.000000
135695.000000
136213.000000
137284.000000
137652.000000
138317.000000
138776.000000
139401.000000
139684.000000
140155.000000
140673.000000
141703.000000
142323.000000
143389.000000
144036.000000
144545.000000
144788.000000
145244.000000
145771.000000
146479.000000
147020.000000
147433.000000
148031.000000
148813.000000
149186.000000
149876.000000
150730.000000
151965.000000
152838.000000
153489.000000
154312.000000
155081.000000
155668.000000
156680.000000
157733.000000
159006.000000
159543.000000
160525.000000
162022.000000
162882.000000
163876.000000
164579.000000
165876.000000
166967.000000
168094.000000
169857.000000
171346.000000
172246.000000
173459.000000
174272.000000
175675.000000
177025.000000
178318.000000
180500.000000
182240.000000
183676.000000
184581.000000
185728.000000
187066.000000
187885.000000
188782.000000
189838.000000
190964.000000
192111.000000
193490.000000
196096.000000
197485.000000
198723.000000
200330.000000
201569.000000
202543.000000
203792.000000
205197.000000
206529.000000
208672.000000
209469.000000
212565.000000
213134.000000
215133.000000
216549.000000
217521.000000
218913.000000
220654.000000
222038.000000
223326.000000
224467.000000
225085.000000
226404.000000
227448.000000
228932.000000
230662.000000
231879.000000
233364.000000
234356.000000
235924.000000
237472.000000
238661.000000
239458.000000
241266.000000
242705.000000
244378.000000
245837.000000
247286.000000
248211.000000
249318.000000
250206.000000
250777.000000
251828.000000
253171.000000
254519.000000
255393.000000
256496.000000
257698.000000
258525.000000
259574.000000
260724.000000
261607.000000
262638.000000
263154.000000
263932.000000
265280.000000
266471.000000
267401.000000
268917.000000
270534.000000
271009.000000
271514.000000
272468.000000
272991.000000
274691.000000
275315.000000
276913.000000
277644.000000
277972.000000
