833497.000000
836205.000000
836862.000000
837533.000000
838545.000000
1133.000000
839433.000000
1523.000000
840492.000000
2651.000000
841109.000000
4330.000000
841664.000000
6114.000000
842476.000000
7719.000000
843137.000000
9378.000000
844316.000000
11308.000000
844842.000000
13207.000000
845659.000000
14759.000000
846141.000000
15596.000000
847094.000000
16901.000000
847687.000000
18251.000000
849204.000000
19873.000000
850059.000000
21713.000000
850799.000000
22571.000000
851186.000000
23375.000000
851784.000000
24423.000000
852116.000000
25023.000000
852733.000000
25532.000000
853414.000000
26830.000000
854103.000000
28194.000000
855370.000000
29889.000000
860435.000000
30432.000000
864511.000000
31783.000000
875856.000000
33413.000000
877114.000000
35876.000000
878116.000000
36587.000000
879261.000000
38078.000000
881008.000000
39624.000000
881716.000000
41335.000000
886821.000000
42638.000000
888145.000000
45067.000000
892885.000000
45508.000000
893761.000000
46101.000000
894977.000000
46801.000000
895822.000000
48497.000000
900392.000000
49264.000000
903495.000000
49868.000000
905249.000000
50468.000000
905976.000000
51001.000000
907470.000000
51541.000000
908451.000000
52007.000000
920728.000000
52784.000000
921131.000000
54042.000000
921833.000000
54859.000000
922443.000000
55952.000000
923803.000000
58472.000000
924590.000000
60158.000000
927220.000000
60529.000000
928372.000000
61045.000000
929251.000000
62109.000000
929842.000000
63216.000000
931688.000000
64866.000000
932445.000000
66167.000000
934274.000000
66789.000000
935010.000000
67262.000000
937026.000000
68635.000000
937908.000000
83653.000000
939766.000000
86041.000000
940281.000000
86633.000000
944816.000000
87437.000000
945573.000000
89323.000000
946805.000000
89854.000000
947288.000000
90411.000000
947990.000000
91175.000000
948532.000000
92440.000000
949874.000000
93298.000000
950673.000000
94347.000000
952209.000000
95142.000000
952765.000000
96428.000000
953447.000000
97721.000000
953944.000000
98466.000000
954324.000000
100167.000000
954764.000000
101120.000000
955513.000000
102498.000000
956153.000000
105379.000000
957563.000000
106958.000000
958152.000000
107969.000000
959631.000000
109091.000000
960407.000000
110114.000000
961658.000000
111224.000000
962391.000000
112579.000000
963561.000000
114574.000000
965935.000000
115782.000000
967186.000000
116402.000000
968786.000000
117847.000000
970054.000000
119401.000000
970513.000000
120056.000000
970938.000000
120971.000000
971595.000000
121463.000000
978311.000000
123512.000000
979490.000000
125630.000000
981282.000000
127028.000000
981737.000000
131793.000000
982401.000000
135384.000000
984069.000000
136946.000000
985846.000000
138173.000000
987421.000000
139327.000000
989531.000000
140272.000000
990169.000000
141137.000000
991971.000000
141920.000000
995657.000000
142680.000000
997590.000000
143582.000000
999382.000000
144488.000000
1000263.000000
145165.000000
1001492.000000
146775.000000
1002608.000000
148495.000000
1003767.000000
149039.000000
1004116.000000
150417.000000
1004751.000000
151945.000000
1006753.000000
153398.000000
1007884.000000
154852.000000
1009525.000000
156605.000000
1010498.000000
157438.000000
1015515.000000
158233.000000
1016853.000000
159795.000000
1017963.000000
160665.000000
1019436.000000
162142.000000
1021652.000000
163038.000000
1022953.000000
164451.000000
1024727.000000
165503.000000
1026025.000000
166597.000000
1027324.000000
167513.000000
1030707.000000
168654.000000
1032218.000000
170672.000000
1033839.000000
172079.000000
1035421.000000
172732.000000
1037719.000000
173713.000000
1040521.000000
174734.000000
1042182.000000
175615.000000
1043705.000000
176704.000000
1045529.000000
178136.000000
1047586.000000
179441.000000
1048923.000000
180985.000000
1049978.000000
181765.000000
1051118.000000
182358.000000
1052619.000000
184036.000000
1054577.000000
185119.000000
1056969.000000
186001.000000
1057812.000000
186667.000000
1058512.000000
187522.000000
1060032.000000
189125.000000
1060936.000000
189784.000000
1063080.000000
191273.000000
1064760.000000
192410.000000
1065799.000000
193633.000000
1067936.000000
194366.000000
1070426.000000
195418.000000
1071534.000000
196505.000000
1072408.000000
199828.000000
1074915.000000
202538.000000
1076674.000000
203546.000000
1078111.000000
204825.000000
1079190.000000
206029.000000
1080481.000000
206627.000000
1081402.000000
207872.000000
1082908.000000
209083.000000
1084227.000000
210555.000000
1085813.000000
211399.000000
1088001.000000
212728.000000
1089135.000000
213105.000000
1090231.000000
213583.000000
1090979.000000
214155.000000
1091737.000000
215405.000000
1092500.000000
216445.000000
1098269.000000
219340.000000
1099224.000000
219980.000000
1102188.000000
221754.000000
1102752.000000
222479.000000
1103518.000000
223805.000000
1104738.000000
224387.000000
1105215.000000
225559.000000
1105735.000000
226307.000000
1107457.000000
226889.000000
1108686.000000
227420.000000
1110408.000000
229448.000000
1112288.000000
230026.000000
1114305.000000
231926.000000
1115675.000000
232271.000000
1117529.000000
232777.000000
1119406.000000
233599.000000
1120576.000000
235016.000000
1121665.000000
235578.000000
1130682.000000
237724.000000
1131559.000000
238147.000000
1133047.000000
238828.000000
1133487.000000
239299.000000
1134039.000000
242982.000000
1134952.000000
243757.000000
1136659.000000
246445.000000
1138597.000000
246949.000000
1140694.000000
248399.000000
1142913.000000
248959.000000
1145084.000000
251129.000000
1146801.000000
251621.000000
1148307.000000
253529.000000
1150394.000000
254116.000000
1152166.000000
255148.000000
1154819.000000
255749.000000
1155700.000000
256879.000000
1157356.000000
257391.000000
1158975.000000
258501.000000
1159962.000000
258935.000000
1161899.000000
262858.000000
1162581.000000
263263.000000
1164530.000000
269138.000000
1165769.000000
269841.000000
1167445.000000
271828.000000
1170497.000000
272265.000000
1172508.000000
273077.000000
1173135.000000
273944.000000
1211885.000000
275296.000000
1212712.000000
275884.000000
1214474.000000
277576.000000
1225005.000000
278305.000000
1227181.000000
280169.000000
1229465.000000
280696.000000
1230793.000000
281507.000000
1232059.000000
282292.000000
1237398.000000
283632.000000
1239198.000000
284577.000000
1241776.000000
285797.000000
1242915.000000
286505.000000
1243937.000000
287933.000000
1244921.000000
288663.000000
1247139.000000
289363.000000
1248705.000000
289775.000000
1249376.000000
290700.000000
1250731.000000
292276.000000
1254018.000000
292866.000000
1259974.000000
293701.000000
1292764.000000
294598.000000
1300941.000000
295533.000000
1301624.000000
296768.000000
1302511.000000
297455.000000
1305291.000000
298943.000000
1307506.000000
301993.000000
1311566.000000
302617.000000
1313180.000000
303902.000000
1314185.000000
305277.000000
1315658.000000
306913.000000
1317512.000000
308837.000000
1318113.000000
309602.000000
1318819.000000
310861.000000
1319474.000000
312043.000000
1320958.000000
313004.000000
1321960.000000
314968.000000
1322842.000000
317389.000000
1324073.000000
318142.000000
1324510.000000
318550.000000
1325305.000000
319437.000000
1327067.000000
320372.000000
1328042.000000
321684.000000
1329461.000000
322366.000000
1330345.000000
327917.000000
1335682.000000
328500.000000
1336333.000000
329596.000000
1337352.000000
330397.000000
1337941.000000
331707.000000
1340777.000000
332520.000000
1341289.000000
333269.000000
1342286.000000
334829.000000
1343227.000000
335416.000000
1344107.000000
336213.000000
1346894.000000
337620.000000
1347944.000000
338018.000000
1349296.000000
344483.000000
1351333.000000
345089.000000
1355835.000000
346162.000000
1357069.000000
346575.000000
1357654.000000
347100.000000
1358337.000000
347702.000000
1358710.000000
348442.000000
1359117.000000
348947.000000
1359620.000000
349623.000000
1360066.000000
351210.000000
1361940.000000
351508.000000
1364286.000000
351871.000000
1364886.000000
352512.000000
1365685.000000
352909.000000
1366208.000000
353739.000000
1366792.000000
355194.000000
1367855.000000
356365.000000
1368637.000000
356758.000000
1369256.000000
357383.000000
1370098.000000
358008.000000
1370864.000000
359161.000000
1371481.000000
359648.000000
1371879.000000
360906.000000
1372637.000000
362599.000000
1373229.000000
364039.000000
1373848.000000
364866.000000
1374389.000000
365555.000000
1375209.000000
366862.000000
1375664.000000
367314.000000
1376071.000000
367791.000000
1376764.000000
368538.000000
1379488.000000
369097.000000
1380053.000000
369826.000000
1381109.000000
371664.000000
1381704.000000
372109.000000
1382018.000000
372617.000000
1382504.000000
373169.000000
1384219.000000
373686.000000
1384650.000000
374591.000000
1385351.000000
377756.000000
1385981.000000
379859.000000
1386347.000000
380463.000000
1387035.000000
381736.000000
1388515.000000
384198.000000
1389268.000000
388841.000000
1390193.000000
389261.000000
1390706.000000
389964.000000
1390990.000000
392063.000000
1391593.000000
393651.000000
1392126.000000
394047.000000
1392602.000000
395256.000000
1392886.000000
396497.000000
1393581.000000
396980.000000
1394600.000000
397572.000000
1395086.000000
398282.000000
1395513.000000
399133.000000
1396126.000000
401647.000000
1399081.000000
406939.000000
1400129.000000
407723.000000
1400684.000000
408204.000000
1401659.000000
408720.000000
1404762.000000
409278.000000
1406862.000000
410081.000000
1408507.000000
412224.000000
1410100.000000
413472.000000
1414771.000000
414349.000000
1416373.000000
415570.000000
1419000.000000
416588.000000
1420628.000000
418781.000000
1422842.000000
420697.000000
1423590.000000
421647.000000
1426750.000000
423034.000000
1427392.000000
423889.000000
1428253.000000
424839.000000
1429593.000000
426765.000000
1432230.000000
427517.000000
1432804.000000
428879.000000
1433731.000000
429510.000000
1434319.000000
431564.000000
1435591.000000
432388.000000
1436220.000000
433350.000000
1436728.000000
433759.000000
1438110.000000
434641.000000
1440117.000000
435229.000000
1440688.000000
435861.000000
1442378.000000
436518.000000
1442959.000000
437352.000000
1443359.000000
438208.000000
1444002.000000
441549.000000
1445123.000000
442487.000000
1445749.000000
444749.000000
1446816.000000
1447345.000000
1448367.000000
1448778.000000
1449693.000000
1450182.000000
1450889.000000
1451545.000000
1452926.000000
1453714.000000
1454317.000000
1455382.000000
1456905.000000
1457469.000000
1458621.000000
1459414.000000
1460630.000000
1461176.000000
1462507.000000
