0.178953
0.255798
0.334966
0.387021
0.427111
0.498718
0.546201
0.615072
0.659386
0.701116
0.711651
0.727910
0.751445
0.768705
0.795994
0.835773
0.853190
0.892318
0.907480
0.936246
0.950118
0.967423
0.979779
0.990977
0.998390
0.998205
0.999448
0.998587
0.997759
0.999575
0.999870
0.995553
0.999987
0.998043
0.999605
0.999996
0.998902
0.999987
0.999757
0.999870
0.999139
0.999986
0.997669
0.999928
0.999723
0.999991
0.999189
0.999981
0.997978
0.998766
0.999616
0.999933
0.999954
0.999724
0.999972
0.999763
0.999946
0.999972
0.999901
0.999941
0.999816
0.999641
1.000000
0.999781
1.000000
0.999654
0.999942
0.999962
0.999088
0.999235
0.999764
1.000000
0.999590
0.999840
0.999903
0.999879
0.999937
0.999892
0.999857
0.998084
0.999371
0.999560
0.999480
0.999915
0.999920
0.999770
0.999550
0.997208
0.999518
0.998108
0.999720
0.993559
0.997273
0.999301
0.999975
0.995671
0.997717
0.999161
0.999941
0.999916
0.998183
0.999326
0.999686
0.988198
0.994160
0.999912
0.998106
0.999771
0.999931
0.999911
0.999154
0.999636
0.998941
0.980424
0.991109
0.999481
0.994694
0.999762
0.999924
0.997888
0.999864
0.999652
0.999972
0.999640
0.999963
0.999532
0.996258
0.999252
0.998629
0.999954
0.987749
0.999042
0.999154
0.999608
0.998442
0.999962
0.999427
0.997818
0.999062
