0.595973
0.580494
0.576784
0.572966
0.567184
1.000000
0.847683
0.998292
0.842417
0.993308
0.839400
0.985811
0.836640
0.977776
0.832554
0.970513
0.829257
0.962938
0.823268
0.954047
0.820654
0.945246
0.816486
0.937985
0.814046
0.934185
0.809158
0.928068
0.806181
0.921719
0.798344
0.914047
0.793952
0.905207
0.790124
0.901088
0.788132
0.897229
0.785029
0.892245
0.783325
0.889340
0.780130
0.886904
0.776582
0.880604
0.772990
0.873958
0.766398
0.865565
0.739423
0.862938
0.717457
0.856226
0.654388
0.848120
0.647409
0.835672
0.641836
0.832133
0.635490
0.824597
0.625674
0.816717
0.621748
0.807981
0.592679
0.801311
0.585218
0.788691
0.557905
0.786426
0.552916
0.783378
0.545901
0.779789
0.541068
0.770907
0.514433
0.767304
0.496267
0.764139
0.485987
0.760989
0.481825
0.758190
0.473013
0.755344
0.467293
0.752904
0.393238
0.748856
0.390830
0.742163
0.386614
0.737823
0.382986
0.732041
0.374781
0.718443
0.370120
0.709315
0.354270
0.707330
0.347294
0.704559
0.341968
0.698853
0.338456
0.692881
0.327208
0.683893
0.322665
0.676752
0.311497
0.673406
0.307077
0.670841
0.294732
0.663370
0.289408
0.577340
0.277992
0.563621
0.274850
0.560242
0.246843
0.555708
0.242252
0.544807
0.234660
0.541768
0.231705
0.538568
0.227502
0.534207
0.224222
0.526876
0.215924
0.521955
0.211056
0.515857
0.201583
0.511249
0.198169
0.503743
0.193964
0.496169
0.190902
0.491876
0.188568
0.481869
0.185860
0.476885
0.181220
0.468821
0.177432
0.451741
0.168672
0.442753
0.165092
0.436798
0.155898
0.430140
0.151221
0.424089
0.143442
0.417519
0.138955
0.409422
0.131708
0.397476
0.117095
0.390215
0.109324
0.386548
0.099395
0.377888
0.091486
0.368496
0.088641
0.364558
0.086008
0.359031
0.081964
0.356083
0.039830
0.343698
0.032522
0.330864
0.021301
0.322426
0.018481
0.293242
0.014380
0.271201
0.003993
0.261616
-0.007085
0.254135
-0.016875
0.247037
-0.029972
0.241276
-0.033889
0.236006
-0.044297
0.231192
-0.067332
0.226568
-0.079370
0.221060
-0.090513
0.215474
-0.095952
0.211338
-0.103581
0.201424
-0.110486
0.190808
-0.117708
0.187515
-0.119861
0.179024
-0.123664
0.169579
-0.136073
0.160606
-0.143051
0.151615
-0.153221
0.140742
-0.159212
0.135579
-0.190304
0.130708
-0.198549
0.121009
-0.205377
0.115645
-0.214428
0.106452
-0.228063
0.100921
-0.236038
0.092148
-0.246915
0.085629
-0.254853
0.078850
-0.262782
0.073181
-0.283529
0.066130
-0.292721
0.053554
-0.302591
0.044772
-0.312195
0.040755
-0.326152
0.034778
-0.343138
0.028455
-0.353160
0.023061
-0.362332
0.016430
-0.373290
0.007513
-0.385634
-0.000582
-0.393602
-0.010178
-0.399885
-0.014988
-0.406669
-0.018624
-0.415595
-0.029078
-0.427239
-0.035833
-0.441439
-0.041269
-0.446415
-0.045393
-0.450487
-0.050653
-0.459479
-0.060585
-0.464763
-0.064619
-0.477355
-0.073781
-0.487171
-0.080828
-0.493210
-0.088425
-0.505661
-0.092924
-0.520121
-0.099439
-0.526532
-0.106153
-0.531583
-0.126894
-0.546014
-0.143737
-0.556090
-0.149963
-0.564290
-0.157864
-0.570410
-0.165348
-0.577758
-0.168996
-0.582959
-0.176691
-0.591431
-0.184144
-0.598861
-0.193258
-0.607775
-0.198425
-0.620040
-0.206558
-0.626368
-0.208837
-0.632485
-0.211774
-0.635716
-0.215256
-0.639933
-0.222853
-0.644110
-0.229186
-0.675901
-0.247051
-0.681085
-0.250913
-0.697252
-0.261763
-0.700302
-0.266087
-0.704408
-0.274225
-0.711004
-0.277710
-0.713563
-0.284889
-0.716352
-0.289450
-0.725591
-0.292995
-0.732124
-0.296182
-0.741259
-0.308574
-0.751151
-0.312017
-0.761791
-0.323602
-0.768948
-0.325673
-0.778595
-0.328740
-0.788318
-0.333652
-0.794361
-0.342256
-0.799959
-0.345569
-0.845231
-0.358575
-0.849529
-0.361101
-0.856933
-0.365202
-0.859108
-0.367974
-0.861826
-0.390170
-0.866274
-0.394747
-0.874624
-0.410869
-0.884035
-0.413812
-0.893740
-0.422472
-0.904390
-0.425736
-0.914721
-0.438668
-0.922834
-0.441520
-0.929889
-0.452841
-0.939628
-0.456247
-0.947817
-0.462342
-0.960032
-0.465823
-0.964052
-0.472464
-0.971545
-0.475445
-0.978861
-0.481975
-0.983194
-0.484506
-0.991843
-0.507473
-0.994824
-0.509811
-1.000000
-0.543836
-0.994603
-0.547813
-0.987128
-0.559251
-0.973283
-0.561735
-0.964062
-0.566373
-0.961201
-0.571314
-0.756177
-0.579032
-0.751805
-0.582311
-0.742462
-0.591927
-0.684677
-0.595993
-0.672823
-0.606534
-0.660222
-0.609481
-0.652880
-0.614029
-0.645885
-0.618366
-0.615786
-0.625862
-0.605667
-0.631111
-0.591039
-0.637921
-0.584606
-0.641771
-0.578778
-0.649703
-0.573158
-0.653724
-0.560415
-0.657593
-0.551388
-0.659848
-0.547531
-0.664892
-0.539695
-0.673534
-0.520566
-0.676749
-0.485462
-0.681311
-0.283245
-0.686209
-0.232620
-0.691293
-0.228418
-0.698000
-0.223010
-0.701708
-0.205849
-0.709682
-0.192273
-0.726087
-0.167053
-0.729379
-0.157074
-0.736200
-0.150911
-0.743471
-0.141813
-0.752097
-0.130275
-0.762232
-0.126554
-0.766207
-0.122168
-0.772776
-0.118225
-0.778940
-0.108965
-0.783885
-0.102770
-0.794018
-0.097295
-0.806472
-0.089611
-0.810316
-0.086903
-0.812372
-0.082000
-0.816873
-0.070980
-0.821586
-0.064939
-0.828229
-0.056060
-0.831663
-0.050599
-0.859318
-0.017114
-0.862170
-0.013082
-0.867566
-0.006708
-0.871458
-0.003097
-0.877854
0.014675
-0.881797
0.017859
-0.885401
0.024062
-0.892973
0.029914
-0.895801
0.035344
-0.899586
0.052785
-0.906340
0.059292
-0.908231
0.067741
-0.938568
0.080400
-0.941342
0.108472
-0.946313
0.116127
-0.948209
0.119718
-0.950622
0.123960
-0.953363
0.126262
-0.956758
0.128770
-0.959065
0.131883
-0.962103
0.134509
-0.969333
0.146090
-0.970671
0.160703
-0.972304
0.164345
-0.975196
0.169308
-0.976962
0.172525
-0.980646
0.176126
-0.987090
0.182634
-0.992307
0.187464
-0.994032
0.191247
-0.996789
0.196397
-0.999499
0.201096
-1.000000
0.204899
-0.997891
0.207303
-0.992298
0.211979
-0.984725
0.215597
-0.978226
0.219406
-0.974504
0.222712
-0.971432
0.227763
-0.965457
0.230558
-0.963407
0.233048
-0.961260
0.237276
-0.957837
0.254043
-0.955271
0.257378
-0.952021
0.263868
-0.943445
0.267500
-0.941416
0.269405
-0.939054
0.272172
-0.936504
0.282590
-0.934123
0.285155
-0.929893
0.289433
-0.914812
0.293267
-0.904686
0.295404
-0.901793
0.299510
-0.895655
0.308556
-0.883622
0.313082
-0.860509
0.318717
-0.858448
0.321824
-0.854977
0.323511
-0.844479
0.327140
-0.836458
0.330370
-0.834475
0.333245
-0.828388
0.334941
-0.822077
0.339069
-0.819631
0.345244
-0.816667
0.348105
-0.813040
0.350654
-0.808758
0.354314
-0.795801
0.372163
-0.768022
0.378444
-0.763916
0.381764
-0.761392
0.387556
-0.758699
0.406144
-0.755780
0.418651
-0.751588
0.428430
-0.740169
0.437853
-0.733522
0.465471
-0.728872
0.474782
-0.722464
0.490157
-0.717143
0.499633
-0.705304
0.512563
-0.694862
0.516848
-0.689731
0.535176
-0.682200
0.538869
-0.677509
0.543831
-0.672359
0.551424
-0.661709
0.566569
-0.657583
0.569834
-0.650020
0.575101
-0.646569
0.578419
-0.635094
0.585644
-0.630518
0.589206
-0.625127
0.592052
-0.622912
0.599781
-0.618065
0.611108
-0.614774
0.614253
-0.611229
0.623750
-0.607605
0.626981
-0.602901
0.629208
-0.598115
0.632769
-0.579019
0.639016
-0.573703
0.642440
-0.560749
0.648367
-0.548746
0.656870
-0.540459
0.664200
-0.532331
0.670773
-0.524445
0.681920
-0.511782
0.689519
-0.502072
0.703591
-0.489859
0.712806
-0.478465
0.723619
-0.468101
0.733669
-0.457190
0.745033
-0.444419
0.750479
-0.437797
0.758894
-0.423903
0.775067
-0.407334
0.787036
-0.397444
0.796435
-0.384608
0.807273
-0.372941
0.815166
-0.353665
0.830561
-0.341721
0.838576
-0.333745
0.855122
-0.306468
0.866867
-0.300558
0.878594
-0.266907
0.898491
-0.259382
0.904568
-0.252937
0.911993
-0.237807
0.927008
