-0.938404
-0.239104
0.714572
0.940571
0.998928
0.715215
0.979337
0.847251
0.722201
0.988404
-0.019467
0.370864
0.847739
0.997289
0.618846
0.875602
0.921226
0.994289
0.527892
0.820225
0.879057
0.989921
0.969739
0.769427
0.999826
0.868056
0.970349
0.810948
0.998483
0.810212
0.993985
0.917271
0.999997
0.929553
0.871938
0.986625
0.823253
0.963547
0.977194
0.997816
0.920623
0.994910
0.633759
0.842704
0.896541
0.972729
0.999795
0.969893
0.872079
0.982391
0.814801
0.964140
0.873306
0.999960
0.600933
0.862560
0.930015
0.994618
0.992223
0.975766
0.808197
0.988595
0.574234
0.959935
0.772045
0.994085
0.911562
-0.762160
-0.378437
0.396378
0.907768
0.919887
-0.585291
0.315069
0.997780
0.824108
0.767071
0.999774
0.452735
0.958540
0.718891
0.114757
0.926370
0.777838
0.864731
0.808048
-0.641790
0.167138
0.980637
0.717467
0.998372
-0.654823
-0.208132
0.409680
0.974955
0.796525
0.960661
0.988486
0.943021
0.669196
0.982407
0.891437
0.765053
0.631034
0.979984
0.923023
0.612711
0.955492
0.518044
0.926843
0.815747
-0.648029
-0.292456
0.190616
0.824464
0.948725
0.666391
0.933017
0.927078
0.845781
0.973825
0.948379
0.745715
0.981608
-0.601596
0.869032
0.998336
0.875481
0.994514
0.592161
0.991388
-0.974223
-0.551365
0.413876
0.899561
0.938751
0.855790
0.997265
0.342745
0.880271
0.955134
0.965873
0.804829
0.934664
0.966359
0.841510
0.103475
0.980224
0.638833
0.995156
0.271044
0.893044
0.876491
0.887611
0.940557
0.810603
0.899012
0.948512
0.968019
0.999788
0.401028
0.995495
0.985254
0.915275
0.999761
0.716122
0.942796
0.975556
1.000000
0.924730
1.000000
0.903104
0.999704
0.676463
0.951061
0.907373
0.992183
0.917894
0.994051
0.884986
0.985257
0.698352
0.958783
0.506666
0.882341
0.647979
-0.100286
0.816799
0.959413
0.795422
0.914253
0.647500
0.935559
0.964886
0.792367
0.999915
0.941316
0.994424
0.953828
0.692484
0.946187
0.725251
0.996783
0.749842
0.953741
0.942468
0.982977
0.762767
0.953929
0.750864
0.972138
0.323824
0.782274
0.917627
0.231563
0.985429
0.920105
0.957635
0.999011
0.532988
0.999844
0.817663
0.999980
0.878583
0.955625
0.863157
0.857941
0.969722
0.866842
0.951849
0.895393
0.773469
0.972813
0.607378
0.994646
-0.179191
0.232789
0.964568
0.967854
0.999586
0.709978
0.941544
-0.843029
-0.627403
-0.260687
0.447073
0.795630
0.988452
0.818771
0.944548
0.998500
0.901207
0.998971
-0.306179
0.482903
0.934892
-0.713335
0.706505
0.896469
0.976349
0.984909
0.892815
0.965745
0.978342
-0.202514
0.645480
0.963929
0.576424
0.835973
0.987702
0.926573
0.996920
0.809945
0.909933
0.668673
0.939014
0.982655
0.989678
0.686216
0.944090
0.883584
0.998831
0.033440
0.644990
0.956754
-0.604077
0.986996
0.838539
0.792094
0.995113
0.984302
0.943780
0.334879
0.589940
0.841266
0.960424
0.990077
0.923117
0.907704
0.998753
0.937821
0.996434
-0.301221
-0.097947
0.810867
0.981893
0.275084
0.544440
0.742196
0.892673
0.969157
0.999752
0.723397
0.894926
0.986647
0.957032
0.994797
0.890976
0.997594
0.962831
0.998816
0.957027
0.999999
0.784732
0.965655
0.994409
0.785122
-0.020843
0.278135
0.661418
0.737117
0.980184
0.782839
0.495048
0.931365
0.698633
0.929524
0.556452
0.813754
0.994466
0.974918
0.950404
0.597580
0.851670
0.976296
0.968364
0.998273
0.956500
0.999515
0.949857
0.972456
0.985404
0.885462
0.997274
0.954274
0.975996
0.371955
0.774961
0.926197
0.997589
0.933407
0.986964
0.999790
0.966489
0.997548
0.867055
0.973777
0.998905
0.766933
0.999591
0.164288
0.955935
-0.034696
0.986440
0.958300
0.995653
0.978152
0.999982
0.988040
0.972034
0.885484
0.988708
0.986445
0.970381
0.879593
0.996541
0.886067
0.960075
0.985604
0.966477
0.813052
0.950028
0.982717
0.753035
0.901275
0.993293
0.943782
0.930648
0.874768
0.994471
0.945226
-0.198537
0.489624
0.831278
0.990251
0.968541
