5135.000000
63401.000000
7749.000000
63892.000000
8271.000000
8778.000000
64411.000000
9467.000000
64958.000000
11571.000000
67556.000000
68347.000000
12491.000000
70069.000000
13956.000000
71778.000000
15424.000000
73970.000000
16699.000000
75600.000000
18272.000000
21182.000000
77858.000000
24065.000000
80182.000000
25821.000000
82089.000000
27484.000000
84089.000000
28515.000000
85382.000000
30629.000000
86750.000000
87421.000000
31089.000000
31385.000000
89485.000000
32211.000000
89994.000000
37632.000000
93584.000000
38290.000000
94027.000000
94471.000000
38771.000000
95136.000000
39535.000000
96572.000000
41870.000000
97149.000000
42204.000000
98069.000000
43016.000000
98430.000000
43577.000000
99080.000000
44102.000000
99552.000000
44610.000000
100142.000000
45201.000000
100694.000000
45664.000000
101070.000000
46095.000000
101571.000000
46662.000000
48125.000000
102494.000000
48618.000000
102883.000000
49179.000000
103319.000000
49945.000000
104727.000000
50920.000000
106160.000000
106884.000000
51992.000000
108729.000000
55533.000000
109115.000000
56078.000000
109813.000000
56749.000000
110361.000000
57360.000000
112405.000000
58920.000000
113109.000000
59517.000000
114802.000000
60596.000000
115527.000000
61247.000000
116061.000000
62257.000000
116551.000000
62851.000000
118512.000000
63860.000000
119291.000000
65312.000000
66629.000000
120526.000000
67241.000000
121358.000000
68478.000000
122222.000000
69180.000000
122855.000000
71589.000000
123556.000000
124135.000000
72363.000000
124989.000000
73305.000000
125662.000000
73889.000000
75305.000000
126434.000000
75915.000000
126967.000000
77020.000000
127828.000000
77579.000000
128246.000000
129123.000000
78712.000000
79392.000000
129829.000000
81243.000000
130999.000000
82077.000000
131683.000000
132668.000000
83276.000000
83869.000000
134380.000000
85447.000000
136420.000000
86351.000000
137049.000000
88253.000000
139194.000000
88841.000000
139850.000000
89157.000000
140245.000000
89475.000000
140648.000000
89928.000000
140986.000000
90620.000000
141403.000000
141839.000000
91096.000000
144468.000000
92162.000000
145618.000000
96024.000000
146774.000000
97425.000000
150906.000000
98236.000000
152108.000000
101200.000000
155053.000000
103585.000000
104288.000000
177079.000000
106599.000000
177564.000000
107298.000000
177987.000000
112649.000000
178325.000000
113139.000000
178687.000000
113513.000000
179130.000000
114179.000000
180081.000000
116301.000000
181274.000000
117171.000000
181935.000000
119105.000000
182985.000000
119857.000000
183605.000000
120315.000000
197759.000000
120775.000000
198453.000000
121325.000000
200308.000000
122625.000000
201816.000000
125229.000000
211349.000000
125722.000000
212098.000000
126403.000000
212543.000000
126821.000000
212974.000000
128471.000000
213717.000000
129088.000000
214336.000000
130517.000000
215435.000000
131099.000000
215973.000000
131504.000000
217277.000000
132049.000000
217964.000000
132562.000000
218956.000000
133415.000000
219992.000000
135588.000000
221797.000000
136292.000000
222273.000000
136988.000000
222827.000000
137573.000000
223253.000000
138646.000000
224342.000000
139181.000000
224766.000000
144633.000000
225333.000000
145104.000000
225829.000000
145519.000000
226326.000000
146377.000000
228071.000000
147981.000000
229076.000000
148539.000000
229617.000000
150246.000000
230384.000000
151131.000000
231179.000000
152449.000000
231969.000000
152982.000000
232444.000000
153879.000000
233134.000000
154360.000000
233644.000000
155053.000000
234322.000000
155664.000000
235100.000000
156488.000000
239838.000000
157374.000000
240327.000000
159127.000000
240963.000000
159666.000000
241538.000000
161968.000000
243268.000000
162507.000000
244470.000000
174264.000000
245000.000000
174589.000000
245601.000000
175401.000000
246108.000000
176563.000000
246903.000000
177826.000000
247609.000000
178583.000000
248107.000000
181517.000000
248731.000000
182211.000000
249485.000000
182783.000000
250004.000000
183448.000000
250868.000000
185272.000000
253976.000000
186094.000000
254789.000000
186661.000000
255604.000000
188173.000000
256599.000000
189908.000000
257461.000000
191400.000000
258689.000000
191734.000000
259248.000000
192296.000000
260301.000000
194719.000000
260587.000000
195335.000000
261085.000000
196253.000000
262071.000000
196943.000000
262882.000000
198178.000000
263726.000000
198588.000000
264092.000000
199144.000000
264649.000000
199916.000000
265229.000000
201728.000000
266050.000000
202426.000000
267095.000000
204205.000000
268936.000000
205933.000000
270091.000000
207057.000000
270469.000000
209978.000000
271116.000000
214107.000000
271808.000000
215085.000000
273561.000000
216223.000000
275943.000000
217216.000000
276764.000000
225240.000000
277120.000000
226609.000000
277673.000000
229622.000000
278433.000000
230900.000000
279568.000000
232857.000000
280512.000000
233772.000000
281724.000000
236478.000000
283500.000000
237179.000000
284050.000000
238829.000000
284918.000000
240288.000000
285997.000000
241336.000000
286682.000000
243629.000000
288270.000000
245974.000000
289988.000000
247554.000000
291564.000000
249099.000000
293193.000000
250075.000000
294857.000000
252036.000000
295543.000000
253759.000000
296526.000000
254308.000000
296906.000000
255525.000000
299672.000000
256154.000000
300235.000000
300858.000000
257462.000000
302540.000000
259408.000000
304221.000000
260386.000000
260933.000000
304699.000000
262167.000000
305117.000000
264239.000000
305491.000000
264814.000000
307730.000000
306084.000000
307980.000000
306704.000000
308837.000000
311192.000000
309284.000000
309656.000000
311723.000000
310312.000000
312104.000000
312868.000000
311448.000000
312227.000000
313473.000000
314181.000000
314316.000000
318111.000000
316583.000000
318645.000000
317046.000000
319791.000000
318398.000000
320497.000000
319111.000000
321235.000000
320313.000000
321745.000000
320793.000000
323968.000000
321581.000000
331450.000000
325153.000000
331999.000000
325723.000000
332753.000000
326349.000000
330094.000000
336785.000000
331288.000000
337197.000000
331652.000000
337592.000000
333238.000000
338148.000000
333651.000000
338513.000000
336969.000000
338727.000000
338390.000000
340022.000000
340516.000000
339075.000000
340233.000000
341058.000000
340891.000000
341755.000000
342301.000000
343058.000000
342970.000000
343829.000000
344136.000000
345316.000000
345679.000000
344892.000000
345409.000000
346148.000000
345882.000000
346386.000000
346666.000000
346444.000000
346881.000000
347830.000000
351041.000000
348618.000000
351749.000000
349009.000000
349378.000000
354387.000000
354924.000000
349858.000000
355574.000000
350185.000000
356852.000000
350513.000000
358045.000000
350982.000000
358619.000000
351695.000000
359443.000000
352265.000000
359988.000000
352817.000000
361185.000000
353668.000000
354155.000000
362075.000000
355789.000000
363706.000000
356373.000000
364374.000000
359146.000000
366328.000000
360432.000000
367676.000000
361403.000000
368518.000000
362917.000000
369226.000000
364698.000000
370766.000000
365428.000000
372531.000000
366240.000000
373598.000000
366999.000000
375005.000000
367591.000000
375531.000000
368900.000000
376804.000000
379562.000000
370618.000000
381761.000000
374138.000000
375714.000000
383543.000000
377063.000000
385186.000000
386014.000000
377872.000000
387728.000000
379977.000000
390014.000000
381202.000000
392102.000000
382550.000000
394319.000000
383890.000000
396182.000000
384272.000000
398170.000000
385410.000000
398659.000000
386055.000000
403482.000000
386812.000000
403990.000000
387253.000000
404516.000000
387626.000000
423028.000000
388022.000000
423671.000000
388545.000000
425052.000000
389783.000000
425474.000000
390183.000000
426199.000000
390905.000000
426734.000000
391403.000000
427938.000000
392390.000000
429118.000000
393048.000000
431620.000000
398001.000000
432395.000000
398547.000000
433682.000000
400047.000000
434198.000000
400569.000000
435242.000000
401440.000000
435929.000000
401920.000000
436329.000000
402519.000000
436991.000000
403521.000000
438379.000000
404319.000000
438903.000000
404744.000000
405315.000000
439562.000000
405807.000000
439891.000000
406423.000000
440538.000000
407019.000000
441128.000000
408295.000000
443369.000000
444111.000000
408794.000000
410006.000000
445410.000000
410414.000000
445919.000000
410794.000000
446574.000000
447088.000000
414213.000000
447990.000000
414795.000000
448593.000000
415182.000000
449320.000000
416911.000000
449939.000000
417317.000000
418200.000000
458732.000000
459498.000000
419131.000000
420068.000000
470786.000000
420834.000000
471402.000000
421554.000000
473438.000000
474261.000000
422311.000000
474787.000000
422970.000000
423577.000000
476108.000000
424458.000000
477999.000000
478568.000000
425385.000000
426883.000000
479932.000000
483451.000000
432049.000000
485598.000000
433209.000000
433709.000000
486631.000000
434205.000000
486912.000000
435833.000000
488112.000000
437463.000000
489694.000000
490309.000000
438211.000000
439482.000000
491869.000000
440813.000000
494842.000000
441612.000000
497914.000000
442268.000000
498701.000000
499630.000000
446573.000000
501646.000000
447231.000000
503819.000000
448616.000000
504553.000000
449258.000000
505487.000000
450187.000000
505904.000000
450838.000000
506396.000000
451505.000000
507101.000000
451960.000000
453054.000000
508352.000000
508668.000000
453438.000000
509141.000000
453845.000000
509724.000000
454350.000000
510357.000000
455589.000000
513515.000000
456031.000000
456557.000000
513874.000000
514738.000000
457582.000000
516629.000000
459500.000000
517040.000000
460494.000000
518045.000000
461491.000000
463381.000000
519831.000000
464503.000000
520981.000000
465725.000000
522533.000000
467112.000000
524344.000000
467932.000000
524932.000000
471074.000000
526261.000000
472132.000000
527048.000000
473766.000000
527941.000000
475268.000000
531749.000000
476070.000000
532653.000000
476776.000000
533137.000000
477581.000000
533470.000000
478559.000000
534197.000000
480125.000000
535798.000000
480795.000000
536590.000000
481453.000000
537153.000000
482389.000000
538713.000000
483242.000000
539250.000000
484522.000000
539979.000000
485723.000000
541165.000000
486453.000000
542348.000000
488678.000000
543459.000000
489184.000000
543821.000000
489660.000000
544378.000000
491268.000000
545712.000000
492093.000000
547823.000000
492429.000000
548250.000000
492906.000000
549834.000000
493877.000000
550791.000000
494493.000000
551588.000000
495766.000000
552979.000000
496614.000000
553717.000000
498374.000000
555041.000000
500060.000000
555796.000000
500966.000000
556917.000000
504320.000000
557745.000000
505306.000000
558551.000000
506198.000000
559335.000000
506742.000000
560489.000000
507047.000000
560963.000000
507473.000000
561999.000000
509100.000000
564726.000000
510448.000000
566620.000000
512462.000000
568481.000000
515355.000000
571029.000000
516996.000000
575055.000000
517965.000000
576021.000000
519278.000000
577408.000000
519776.000000
577872.000000
520460.000000
578523.000000
521270.000000
579225.000000
522082.000000
579977.000000
522976.000000
580621.000000
525070.000000
582510.000000
526144.000000
584644.000000
526958.000000
585012.000000
528769.000000
586799.000000
529940.000000
587573.000000
531607.000000
591344.000000
534007.000000
592901.000000
535451.000000
594827.000000
535795.000000
595254.000000
536266.000000
595804.000000
596494.000000
536885.000000
537944.000000
598601.000000
600352.000000
538898.000000
601731.000000
540232.000000
602207.000000
541323.000000
603368.000000
542633.000000
603866.000000
543000.000000
604337.000000
543392.000000
604861.000000
543783.000000
605479.000000
544233.000000
606841.000000
545638.000000
546260.000000
607673.000000
547775.000000
608366.000000
610225.000000
549445.000000
549735.000000
610589.000000
610919.000000
550060.000000
611378.000000
550243.000000
612336.000000
550774.000000
551282.000000
612852.000000
613910.000000
553448.000000
615011.000000
553885.000000
615469.000000
554197.000000
616453.000000
554858.000000
618090.000000
556862.000000
620119.000000
557512.000000
558288.000000
559862.000000
560993.000000
561933.000000
563479.000000
564952.000000
565601.000000
566880.000000
568359.000000
569087.000000
570058.000000
572798.000000
574032.000000
574379.000000
575013.000000
576105.000000
577555.000000
578779.000000
579782.000000
580790.000000
581178.000000
581769.000000
583454.000000
584960.000000
585890.000000
587468.000000
589946.000000
590468.000000
591232.000000
592749.000000
593504.000000
593981.000000
594885.000000
596155.000000
596842.000000
597972.000000
599657.000000
600503.000000
602427.000000
603267.000000
607030.000000
608754.000000
610382.000000
612187.000000
613208.000000
613775.000000
614967.000000
616424.000000
618249.000000
619015.000000
620287.000000
621120.000000
621582.000000
622050.000000
622973.000000
626419.000000
627018.000000
628678.000000
629877.000000
632340.000000
633901.000000
634965.000000
635744.000000
636688.000000
637285.000000
638398.000000
638810.000000
639641.000000
640053.000000
640476.000000
641313.000000
