0.011379
0.021539
0.027090
0.036670
0.043198
0.060434
0.067585
0.071266
0.142175
0.194364
0.202760
0.210312
0.212317
0.214682
0.219280
0.408961
0.414269
0.425116
0.435500
0.438694
0.463743
0.466737
0.481111
0.490042
0.492479
0.522609
0.526700
0.529682
0.531968
0.548489
0.550513
0.553703
0.560294
0.565676
0.576422
0.583910
0.589173
0.593989
0.597870
0.607873
0.610484
0.613127
0.616411
0.646042
0.705013
0.711499
0.713852
0.780864
0.783248
0.790014
0.794669
0.801432
0.805252
1.000000
0.996037
0.984828
0.982597
0.976149
0.973073
0.606181
0.461505
0.455167
0.439594
0.423674
0.375637
0.294172
0.290662
0.287914
0.211786
0.166209
0.152436
0.138211
0.134722
0.122303
0.118536
0.113509
0.106740
0.095161
0.085237
0.034304
-0.062834
-0.065682
-0.069458
-0.080374
-0.083527
-0.087163
-0.097525
-0.108865
-0.289837
-0.320527
-0.323785
-0.329794
-0.351075
-0.359177
-0.546614
-0.553647
-0.558424
-0.561289
-0.564916
-0.566705
-0.570980
-0.578356
-0.583670
-0.591394
-0.593901
-0.603613
-0.608618
-0.613665
-0.618392
-0.622041
-0.625382
-0.807608
-0.810449
-0.820678
-0.827385
-1.000000
-0.997690
-0.987563
-0.984651
-0.926588
-0.924202
-0.920545
-0.918592
-0.916075
-0.914068
-0.907077
-0.905248
-0.902729
-0.900148
-0.897775
-0.895934
-0.868402
-0.866938
-0.795078
-0.789242
-0.785346
-0.782589
-0.769501
-0.737670
-0.734831
-0.730190
-0.724732
-0.509839
-0.415533
-0.409426
-0.403250
-0.400980
-0.280679
-0.269792
-0.200789
-0.194874
-0.192553
-0.188209
-0.071622
-0.056895
-0.020521
-0.013795
-0.004865
0.022796
0.037524
0.041140
0.052869
0.075007
0.078318
0.085966
0.094938
0.098371
0.109178
0.124336
0.187078
0.202932
0.205672
0.223526
0.520707
0.526152
0.551963
0.665365
0.669856
0.788820
0.792098
0.806271
0.827933
0.835675
0.964741
1.000000
0.997543
0.995589
0.994017
0.991132
0.987486
0.983316
0.980283
0.918810
0.915061
0.912706
0.910418
0.908628
0.906966
0.544322
0.537084
0.522659
0.518715
0.511613
0.501431
0.495626
0.491622
0.473889
0.470513
0.465550
0.458831
0.454377
0.440448
0.438125
0.434737
0.428687
0.425992
0.421154
0.407846
0.400263
0.387453
0.384026
0.381117
0.378333
0.370576
0.338458
0.335414
0.329355
0.320884
0.317506
0.314114
0.311051
0.307054
0.295108
0.292374
0.204826
0.201196
0.199312
0.197191
0.193925
0.190715
0.186749
0.181069
0.174843
0.171995
0.169513
0.165821
0.160849
0.157304
0.156055
0.152990
0.149630
0.145551
0.138870
0.135413
0.132049
0.128122
0.124243
0.120057
0.117760
0.114731
0.111538
0.108526
0.099599
0.097125
0.092813
0.090601
0.088834
0.077641
0.070704
0.067454
0.064706
0.061588
0.019749
0.014725
0.006611
0.002655
0.000256
-0.042398
-0.050512
-0.144656
-0.151219
-0.155376
-0.168445
-0.176570
-0.209552
-0.216031
-0.267049
-0.270938
-0.277490
-0.280476
-0.285464
-0.341935
-0.349949
-0.355176
-0.363267
-0.366409
-0.413339
-0.485719
-0.509196
-0.513345
-0.568949
-0.573862
-0.581939
-0.585420
-0.588253
-0.591664
-0.671122
-0.673231
-0.678021
-0.681235
-0.684877
-0.712886
-0.778630
-0.788172
-0.792442
-0.798460
-0.801451
-0.827424
-0.834971
-0.839972
-0.973482
-0.987516
-0.990577
-0.994164
-0.999195
-1.000000
-0.994113
-0.988142
-0.982719
-0.978907
-0.976490
-0.955010
-0.953025
-0.950649
-0.946837
-0.939109
-0.937152
-0.925596
-0.923351
-0.916401
-0.832967
-0.827303
-0.812282
-0.809620
-0.648982
-0.624602
-0.621195
-0.618546
-0.562223
-0.555397
-0.542953
-0.538685
-0.526971
-0.522507
-0.283948
-0.281689
-0.265009
-0.261738
-0.250117
-0.246345
-0.236159
-0.178644
-0.171501
-0.166050
-0.155769
-0.150549
-0.136016
-0.133165
