-0.974552
-0.846093
-0.949163
-0.711048
-1.210754
-1.174879
-1.099796
-1.231526
-1.108743
-1.338989
-1.340987
-0.845418
-1.237209
-1.247748
-0.861886
-1.279753
-1.344804
-1.236532
-1.259312
-1.002592
-1.219352
-0.867241
-0.962632
-0.710373
-0.647649
-0.580251
-0.403903
-0.327282
-0.283489
-0.264244
-0.805179
-0.887943
-0.728833
1.000000
1.242831
0.884796
-0.929201
-1.000000
0.410102
1.000000
-0.368759
-0.449729
-1.000000
0.763201
-1.154902
-1.124988
-0.106071
-1.330813
-1.303400
-0.171793
-0.561321
-0.446519
-0.160388
0.017577
-0.081219
0.137335
0.255466
0.347149
0.110232
0.435367
0.836539
0.004796
-0.207147
-0.070380
0.897497
0.942131
1.000000
-0.918545
-0.924139
-0.897515
-0.087960
0.082583
0.279288
0.958085
0.980461
1.004487
0.875204
0.798396
0.603439
0.828407
0.298080
-0.072982
-0.020003
0.227631
0.424636
0.477353
0.511138
-0.137922
-0.220033
-0.045726
0.310479
0.322987
-0.706121
-0.438302
-0.420890
1.152799
0.877517
0.382002
-0.623067
-0.043321
1.042146
1.067666
0.583269
-0.909814
0.477912
-1.000000
0.057432
0.435340
-1.312190
-1.024904
-0.558073
0.534589
1.000000
0.155863
-0.743074
-1.000000
0.841665
-1.151511
-0.778671
-0.642835
-1.291964
-0.989293
-0.271981
-0.837160
-0.333018
0.146688
-0.268182
0.857249
1.000000
-0.122920
-0.466688
-0.562185
0.487829
0.989461
-1.000000
0.076592
0.564635
-1.291043
-0.621163
0.042883
-1.322232
-1.226457
-1.082314
-1.049078
-1.163437
-0.102160
0.054515
-0.941200
-0.884220
-0.380968
0.271015
0.997417
0.635886
0.349607
1.000000
0.508806
-0.730866
-1.000000
0.668087
0.920543
0.883229
-0.438948
-1.004329
-1.001967
-1.207390
-1.308117
-1.262399
-1.319022
-1.153851
-1.100315
-0.167378
-0.493034
0.357410
0.841627
0.812900
1.000000
0.917184
0.054966
0.619234
0.793560
1.012577
0.998535
-0.325996
-0.145752
-0.978604
0.997466
1.089810
0.916400
-0.210217
0.532079
-0.802375
-1.000000
-0.695846
-0.501148
1.000000
-0.970794
-1.000000
0.894975
-0.886609
-0.455756
0.985285
1.000000
0.635173
-0.847117
0.153100
-0.160580
0.575038
0.817274
0.617637
0.478163
0.844069
-0.173996
0.019437
-0.932930
1.196440
1.162902
1.254287
0.662259
0.963286
0.967613
0.508693
-0.095147
0.514226
-0.471820
0.906140
0.521413
-1.000000
-0.256750
-0.014043
-0.929428
-0.074332
0.994391
0.978076
-1.195319
-0.901851
-0.947097
-1.115103
-0.962749
0.863895
0.930924
-0.049735
-0.541301
-0.528081
-0.480751
0.000918
0.195059
-0.153651
-0.782746
-1.121743
-1.173002
-1.129766
-0.075819
-0.071766
1.000000
0.094651
-0.084374
0.517283
0.941157
0.229901
-0.902909
-0.561382
-0.482879
-1.000000
-0.578398
-0.321780
0.744851
0.442157
0.154511
0.809649
1.000000
0.428589
0.035357
-0.045110
0.325280
1.114480
1.197793
1.143030
0.976039
1.010967
0.230027
1.035328
0.820103
-0.235372
-0.598314
0.210077
0.509996
0.187130
0.534779
0.418641
1.167224
0.926351
0.627308
0.676449
0.387298
-0.140459
0.228692
-0.391691
-0.465762
-0.427028
-0.206179
-0.527135
0.935633
0.688415
0.667486
0.746047
1.054218
0.410903
0.665946
0.458811
0.035257
-0.574719
-1.000000
-0.687450
-0.707265
-0.134013
-0.857768
0.483062
0.575844
0.842098
0.912217
0.745696
0.699136
0.097778
0.232269
0.148439
0.871051
-0.645131
-0.237613
0.441809
0.957611
-0.098392
-0.345016
-0.476060
-1.014484
-0.976662
-1.184402
-1.039098
-1.097016
1.000000
-0.312378
-0.367542
-0.067058
0.043455
-0.064535
0.364876
0.508590
0.646163
0.689023
0.689662
0.789122
0.055353
-0.203757
-0.220447
0.009701
0.046517
0.780429
1.183093
1.167388
0.470281
0.055811
-0.346071
0.395972
0.326395
-1.000000
0.885639
1.000000
0.716374
-0.367793
0.655495
1.091142
1.113523
1.244103
1.041355
0.910748
0.877206
1.100237
0.953094
-0.786301
-0.773037
-1.000000
0.793238
0.659740
0.711477
-1.239893
-1.253135
-1.254998
-0.265084
0.338648
0.548761
0.189764
-0.388627
0.895880
1.000000
0.601154
1.096916
1.151022
1.235159
1.164389
0.750304
-0.976961
-0.999595
-0.767385
0.158464
-0.980754
-0.999212
0.030559
-0.871127
-0.964054
-0.949812
-0.700533
-0.601699
0.255570
-0.220094
-1.000000
-0.194144
-0.039628
0.407550
-0.294348
-0.257514
0.049924
0.574853
1.000000
-0.638227
0.310549
0.230160
-0.764604
-1.000000
-0.557694
0.198494
-0.839306
-0.539214
0.687449
-0.513670
0.643581
1.000000
-0.431973
-1.000000
-0.387302
-1.064830
0.721143
-0.335000
0.946561
1.000000
-0.010674
0.325193
0.472317
0.555606
0.642138
1.116387
0.728319
0.502106
0.661284
1.273334
1.042104
1.191842
1.251178
1.279732
1.020527
0.960625
0.283539
-0.340673
-0.248742
-0.953717
-1.000000
0.732342
0.870828
0.931310
0.201647
-0.861980
-0.755353
-0.617297
-0.608883
0.204364
-1.071041
0.460831
-1.017046
0.480826
1.000000
0.025750
-0.965772
-0.309710
-0.547390
-0.875553
-0.581249
-0.733643
0.070296
0.590590
0.248140
0.703818
-0.933523
-0.934194
-0.941009
0.797958
-0.873768
-0.824546
-0.974648
-0.542312
-0.990113
-1.000000
-1.024489
-0.897738
-1.007332
-0.922785
-0.601810
-1.115849
-1.080349
-1.129354
-0.392230
-1.083036
-1.009103
-0.287922
-1.034448
-0.866836
-1.216216
-0.950233
-1.167485
-1.017612
-0.572895
-0.103030
-0.698096
-0.063856
0.349653
0.026660
-1.099830
1.000000
1.219127
0.881097
-0.338266
0.279626
-1.000000
0.353677
1.000000
0.088411
0.074710
0.079074
-1.000000
0.229907
0.982997
0.198214
0.129592
-0.115178
-0.092208
0.422554
-1.194515
0.298156
0.743304
0.080649
0.203302
-0.014243
-0.096463
0.024604
0.567800
0.416969
1.000000
-0.280880
-0.440347
0.513343
-0.741510
-0.535617
1.179523
0.583755
-0.379162
-0.358350
-0.565876
1.072671
1.207500
1.139963
-0.915581
-0.863183
-0.140523
-1.000000
-0.901005
-0.678158
-0.681809
-0.189107
-0.770082
-0.308224
-0.058304
-0.260478
0.435308
-0.082161
0.700671
1.000000
0.107520
0.473789
0.590237
-0.426354
-0.544518
-0.380916
0.703075
0.722460
0.431781
0.284683
0.399148
-0.063557
-0.801428
-0.921082
-1.000000
-0.314896
-0.217689
-0.843673
-0.756087
-0.625965
-0.716172
-0.658119
-0.360600
0.629950
0.611050
0.098101
0.067516
-0.140407
