0.173804
0.181502
0.185741
0.197538
0.207223
0.215205
0.225694
0.233969
0.239162
0.247287
0.253193
0.256997
0.261355
0.265278
0.270548
0.276184
0.282675
0.286488
0.290625
0.295157
0.298165
0.301926
0.306334
0.310433
0.319964
0.324652
0.332636
0.335357
0.341676
0.345719
0.351772
0.356894
0.363988
0.369099
0.376653
0.387085
0.394954
0.401428
0.411767
0.417725
0.424422
0.428863
0.438017
0.443937
0.451276
0.457213
0.463905
0.471997
0.482222
0.486215
0.495907
0.504098
0.510347
0.514109
0.521051
0.525243
0.529093
0.532566
0.535838
0.540782
0.549243
0.551122
0.553012
0.556782
0.564216
0.568247
0.574508
0.578439
0.587721
0.590683
0.595098
0.597699
0.599985
0.604289
0.610367
0.614734
0.623892
0.628359
0.636284
0.640494
0.644764
0.652637
0.658639
0.662927
0.668179
0.672317
0.676844
0.681406
0.686282
0.691459
0.697289
0.701390
0.705749
0.710440
0.719744
0.729005
0.733081
0.739083
0.747872
0.753119
0.760526
0.767263
0.774090
0.779126
0.783320
0.787357
0.799721
0.804601
0.811370
0.817050
0.820946
0.826323
0.829948
0.833464
0.837886
0.841505
0.847337
0.851514
0.855749
0.859415
0.866951
0.869818
0.873719
0.876809
0.881826
0.885142
0.890645
0.893755
0.899164
0.902679
0.906150
0.911991
0.916621
0.918812
0.921945
0.924488
0.928608
0.931769
0.937767
0.940188
0.943458
0.947030
0.951157
0.954545
0.958069
0.960659
0.964636
0.969168
0.974733
0.978121
0.983536
0.992164
0.998899
1.000000
0.991234
0.986048
0.979813
0.971203
0.964068
0.959056
0.954933
0.949652
0.941885
0.935432
0.928154
0.921705
0.916180
0.913721
0.908398
0.805287
0.801707
0.791936
0.730499
0.727381
0.719515
0.717252
0.714792
0.709746
0.699600
0.695953
0.678964
0.668555
0.665690
0.662950
0.660818
0.651201
0.646174
0.643350
0.637750
0.634894
0.631010
0.625428
0.593022
0.588871
0.586162
0.579591
0.480627
0.475813
0.467200
0.460770
0.437166
0.421243
0.407279
0.395884
0.386357
0.375811
0.368705
0.316837
0.300975
0.291899
0.286992
0.278021
0.269476
0.210827
0.207889
0.198438
0.193990
0.187323
0.179487
0.175879
0.152841
0.147925
0.141927
0.135251
0.128052
0.118396
0.105827
0.093464
0.079073
0.051854
-0.001376
-0.017408
-0.025445
-0.032263
-0.041409
-0.054901
-0.062342
-0.075085
-0.092031
-0.108393
-0.113613
-0.124854
-0.202250
-0.208796
-0.217496
-0.232234
-0.244679
-0.285965
-0.308910
-0.315222
-0.319633
-0.330758
-0.338964
-0.348568
-0.369042
-0.381234
-0.409278
-0.418851
-0.423806
-0.433496
-0.456304
-0.482333
-0.494219
-0.532331
-0.542312
-0.552124
-0.563901
-0.574226
-0.579674
-0.586149
-0.593928
-0.602921
-0.611517
-0.616671
-0.624801
-0.634046
-0.642828
-0.653981
-0.663023
-0.686506
-0.693031
-0.702081
-0.708044
-0.710867
-0.719378
-0.724544
-0.730443
-0.738445
-0.747126
-0.759495
-0.766325
-0.782598
-0.792889
-0.800644
-0.803207
-0.809700
-0.830705
-0.836604
-0.842083
-0.843998
-0.845865
-0.849890
-0.854065
-0.855895
-0.858634
-0.861692
-0.884939
-0.888164
-0.891358
-0.894689
-0.898598
-0.903140
-0.908420
-0.912546
-0.919128
-0.921025
-0.924408
-0.926918
-0.929927
-0.933714
-0.943969
-0.947819
-0.954035
-0.958229
-0.964786
-0.968871
-0.974261
-0.979416
-0.982424
-0.985294
-0.991901
-0.995847
-0.999437
-1.000000
-0.924843
-0.921465
-0.914900
-0.910209
-0.904391
-0.896367
-0.883648
-0.876061
-0.867950
-0.861905
-0.853080
-0.847953
-0.843523
-0.839540
-0.825894
-0.819378
-0.810216
-0.802381
-0.788257
-0.781804
-0.777145
-0.769976
-0.763686
-0.760286
-0.756046
-0.750937
-0.748774
-0.746534
-0.742135
-0.736645
-0.729986
-0.722190
-0.716510
-0.709186
-0.706226
-0.700180
-0.697553
-0.693980
-0.691800
-0.688838
-0.687312
-0.685785
-0.683927
-0.681341
-0.675288
-0.669285
-0.664868
-0.654362
-0.649615
-0.644058
-0.641691
-0.639416
-0.635708
-0.631927
-0.627628
-0.619561
-0.617696
-0.614852
-0.611624
-0.609244
-0.606890
-0.604130
-0.601089
-0.594171
-0.592146
-0.588177
-0.576939
-0.574736
-0.572347
-0.569110
-0.565005
-0.547670
-0.541206
-0.494867
-0.489499
-0.482936
-0.473563
-0.468823
-0.466386
-0.459324
-0.455543
-0.450584
-0.446783
-0.441640
-0.432708
-0.427979
-0.421108
-0.414059
-0.407124
-0.405235
-0.399760
-0.393239
-0.387713
-0.378958
-0.372979
-0.368407
-0.363382
-0.358492
-0.354065
-0.350433
-0.348759
-0.347170
-0.345575
-0.342352
-0.339993
-0.336992
-0.330935
-0.322613
-0.315432
-0.308433
-0.297812
-0.291138
-0.282616
-0.275458
-0.268448
-0.261474
-0.256119
-0.250290
-0.241448
-0.236389
-0.233057
-0.231397
-0.229246
-0.222592
-0.216827
-0.211629
-0.206050
-0.201114
-0.198963
-0.196457
-0.190751
-0.184356
-0.181236
-0.175640
-0.161415
-0.159387
-0.156741
-0.151496
-0.144524
-0.137492
-0.134798
-0.131672
-0.127894
-0.122270
-0.114520
-0.106699
-0.101181
-0.095397
-0.090697
-0.088108
-0.085469
-0.081802
-0.074935
-0.070764
-0.067477
-0.064597
-0.061335
-0.058850
-0.056886
-0.052267
-0.045005
-0.038664
-0.034979
-0.029592
-0.024587
-0.021988
-0.014075
0.003371
0.009136
0.014379
0.022963
0.029844
0.053912
0.060588
0.068328
0.073383
0.081696
0.094510
0.101883
0.105296
0.108226
0.112139
0.116020
0.122964
0.133230
0.137149
0.144951
0.149354
0.151708
0.154224
0.160875
0.166550
0.176326
0.191801
0.194264
0.200064
0.214949
0.217816
0.220923
0.228237
0.236150
0.246675
0.250408
0.256349
0.263716
0.271759
0.281452
0.292266
0.297896
0.303435
0.316044
0.323686
0.328634
0.340684
0.348900
0.359038
0.365214
0.367476
0.374355
0.398716
0.403405
0.412566
0.415489
0.418111
0.422653
0.430066
0.434590
0.441076
0.448033
0.461189
0.463378
0.466893
0.474183
0.482318
0.490581
0.493230
0.494742
0.500545
0.509198
0.513739
0.515382
0.519354
0.525039
0.526607
0.531019
0.540241
0.546578
0.554066
0.565016
0.569477
0.599385
0.604994
0.611703
0.617866
0.627782
0.634444
0.641897
0.644502
0.652648
0.657407
0.664680
0.669989
0.680466
0.684049
0.687233
0.690521
0.694121
0.695942
0.697641
0.699927
0.704099
0.706667
0.710381
0.715132
0.719123
0.724269
0.729214
0.732684
0.737367
0.739134
0.741573
0.744051
0.747244
0.749412
0.752029
0.754594
0.759441
0.762060
0.765055
0.770820
0.775473
0.780495
0.822788
0.826330
0.829524
0.834326
0.841890
0.848342
0.853399
0.856059
0.859161
0.861288
0.868578
0.885205
0.890639
0.896303
0.902627
0.904905
0.906756
0.908618
0.915063
0.917490
0.919094
0.920753
0.924171
0.927135
0.929836
0.932923
0.936640
0.940710
0.946789
0.949391
0.951732
0.953272
0.955656
0.956831
0.958276
0.960056
0.962609
0.964667
0.967561
0.970412
0.974109
0.980728
0.983850
0.989802
0.996946
1.000000
0.987558
0.956218
0.942278
0.937595
0.931367
0.926661
0.919796
0.909423
0.903038
0.900957
0.896245
0.891154
0.888941
0.884821
0.876339
0.868124
0.860875
0.853066
0.847965
0.845034
0.841040
0.833563
0.828305
0.825081
0.819970
0.817109
0.814069
0.807869
0.802076
0.796554
0.789526
0.783807
0.776069
0.763355
0.750377
0.745259
0.737193
0.734402
0.730126
0.727272
0.722494
0.712856
0.710445
0.708325
0.705718
0.701432
0.696869
0.685438
0.683255
0.678942
0.674476
0.668172
0.662023
0.648899
0.639017
0.632963
0.631069
0.626294
0.618348
0.598478
0.581355
0.574946
0.529657
0.523198
0.489655
0.455221
0.450709
0.448607
0.445853
0.440781
0.434147
0.430468
0.423974
0.419073
0.410774
0.395792
0.389495
0.324625
0.254235
0.248930
0.244539
0.237506
0.224820
0.215144
0.204636
0.194659
0.142558
0.127972
0.120796
0.113440
0.110335
0.104761
0.100433
0.096974
0.093879
0.091140
0.066322
0.056144
0.039263
0.033161
0.027604
0.019887
-0.006987
-0.014943
-0.022158
-0.032178
-0.040320
-0.065966
-0.100247
-0.114263
-0.140853
-0.149339
-0.160789
-0.166140
-0.175966
-0.181708
-0.187186
-0.194004
-0.197704
-0.202216
-0.209433
-0.215299
-0.221334
-0.234736
-0.237391
-0.242063
-0.247343
-0.251651
-0.257338
-0.265271
-0.268163
-0.270456
-0.276467
-0.292724
-0.297335
-0.361883
-0.366698
-0.378232
-0.382748
-0.385244
-0.388619
-0.394035
-0.396278
-0.400596
-0.406647
-0.409148
-0.410944
-0.412915
-0.414770
-0.417398
-0.422696
-0.458368
-0.464442
-0.488295
-0.495007
-0.498410
-0.504640
-0.509368
-0.511950
-0.518185
-0.532335
-0.539272
-0.544639
-0.560282
-0.567794
-0.585004
-0.592929
-0.598056
-0.608312
-0.620361
-0.624688
-0.645353
-0.651506
-0.657522
-0.664662
-0.672617
-0.676780
-0.682281
-0.686114
-0.691204
-0.700163
-0.709263
-0.719541
-0.728337
-0.749237
-0.761346
-0.770671
-0.784346
-0.800586
-0.805217
-0.806780
-0.809478
-0.812793
-0.832284
-0.837597
-0.849845
-0.867741
-0.870952
-0.876157
-0.885835
-0.891612
-0.895185
-0.900762
-0.902078
-0.925658
-0.931574
-0.955053
-0.972555
-0.977913
-0.982250
-0.984113
-0.987699
-1.000000
-0.998617
-0.988063
-0.958570
-0.954446
-0.951626
-0.948818
-0.946143
-0.943050
-0.941320
-0.939081
-0.934641
-0.929411
-0.925964
-0.923339
-0.921338
-0.920031
-0.917206
-0.911670
-0.904132
-0.898283
-0.894620
-0.889994
-0.886539
-0.880865
-0.879133
-0.871338
-0.866962
-0.864825
-0.863064
-0.861046
-0.857826
-0.854453
-0.851425
-0.843972
-0.838348
-0.832994
-0.829744
-0.822690
-0.815909
-0.793636
-0.786245
-0.782442
-0.776958
-0.753280
-0.746769
-0.740697
-0.712103
-0.704217
-0.698631
-0.695093
-0.686291
-0.673624
-0.639063
-0.632497
-0.629578
-0.623547
-0.604905
-0.596729
-0.587085
-0.582266
-0.576836
-0.536785
-0.527538
-0.502193
-0.493099
-0.477410
-0.466270
-0.462240
-0.447125
-0.442096
-0.429561
-0.398461
-0.372330
-0.366926
-0.358597
-0.352406
-0.347974
-0.338646
-0.327288
-0.323088
-0.315846
-0.308915
-0.299598
-0.286671
-0.262326
-0.252358
-0.246360
-0.241020
-0.235527
-0.231048
-0.228581
-0.226585
-0.224433
-0.221735
-0.217839
-0.215039
-0.211289
-0.208587
-0.206182
-0.201446
-0.198082
-0.193285
-0.185970
-0.182782
-0.179630
-0.140363
-0.055718
-0.051538
-0.048155
-0.034827
-0.028008
-0.023550
-0.006449
0.058303
0.062519
0.069475
0.081757
0.090375
0.103258
0.109807
0.116911
0.164212
0.176662
0.182764
0.189797
0.195736
0.206236
0.216606
0.219193
0.223912
0.232962
0.239418
0.247863
0.255325
0.261225
0.263403
0.266567
0.271122
0.274184
0.279940
0.311490
0.314043
0.321858
0.331638
0.340312
0.361036
0.363130
0.366369
0.374200
0.381203
0.385161
0.392160
0.407052
0.456165
0.462030
0.464331
0.471785
0.501160
0.516204
0.530670
0.543465
0.567653
0.574378
0.579837
0.585924
0.592818
0.605886
0.612464
0.615675
0.622818
0.628534
0.631254
0.635255
0.642159
0.649645
0.657967
0.666960
0.679769
0.685739
0.687638
0.692604
0.697744
0.703149
0.709782
0.714405
0.716646
0.718847
0.723305
0.729921
0.736937
0.748139
0.753528
0.761439
0.770906
0.778811
0.787641
0.790416
0.795505
0.801620
0.804502
0.807153
0.812949
0.836529
0.847948
0.850992
0.853076
0.857476
0.859934
0.862044
0.863944
0.865940
0.868240
0.870986
0.875449
0.899964
0.904098
0.913194
0.914846
0.916659
0.918721
0.920647
0.924643
0.929047
0.934749
0.949267
0.950917
0.952584
0.956013
0.960420
0.964260
0.967814
0.972691
0.975107
0.979532
0.985554
0.989726
0.994578
1.000000
0.996350
0.984935
0.969816
0.965222
0.960678
0.956380
0.948189
0.943990
0.919739
0.917570
0.915344
0.911488
0.907041
0.904023
0.896235
0.891873
0.886516
0.879750
0.873418
0.869426
0.867953
0.862963
0.858201
0.855676
0.850679
0.845525
0.843140
0.820740
0.807095
0.801860
0.799809
0.790331
0.782227
0.779292
0.766324
0.755665
0.740163
0.723065
0.697227
0.689474
0.685733
0.676878
0.664549
0.661619
0.651698
0.636297
0.630699
0.621045
0.616082
0.576151
0.540952
0.538931
0.534204
0.523317
0.516770
0.507403
0.503964
0.498946
0.493979
0.482788
0.474968
0.461361
0.444214
0.431739
0.419546
0.415945
0.413897
0.408035
0.403840
0.396896
0.390861
0.387122
0.382799
0.373398
0.361377
0.351029
0.344762
0.342221
0.336640
0.332000
0.319158
0.316551
0.313544
0.311523
0.309917
0.306036
0.302951
0.300588
0.298820
0.293998
0.283631
0.281287
0.278504
0.272878
0.267414
0.260513
0.247795
0.241935
0.229591
0.225047
0.217104
0.207985
0.196386
0.184281
0.181186
0.175621
0.171513
0.166000
0.162107
0.152274
0.109924
0.099663
0.091372
0.084445
0.081423
0.075566
0.058448
0.050214
0.038644
0.025678
0.022658
0.017735
0.014934
0.012177
0.010312
0.006192
0.001872
-0.000370
-0.004496
-0.009633
-0.019046
-0.021702
-0.024277
-0.027736
-0.030731
-0.037668
-0.043487
-0.047767
-0.052593
-0.059075
-0.068867
-0.071990
-0.078060
-0.121270
-0.138863
-0.149611
-0.175267
-0.184694
-0.187147
-0.191894
-0.204676
-0.209967
-0.216632
-0.218723
-0.220305
-0.224478
-0.233676
-0.238603
-0.242074
-0.248714
-0.252600
-0.259736
-0.278890
-0.305754
-0.312204
-0.319239
-0.321441
-0.323929
-0.329206
-0.333539
-0.339105
