4484.000000
8417.000000
9504.000000
10908.000000
11835.000000
12578.000000
13650.000000
14099.000000
14942.000000
15722.000000
16429.000000
16876.000000
18149.000000
18626.000000
19002.000000
20112.000000
20912.000000
21802.000000
22050.000000
22579.000000
23557.000000
24053.000000
24313.000000
24935.000000
25558.000000
26104.000000
26558.000000
26994.000000
27443.000000
28275.000000
29622.000000
30167.000000
30863.000000
31218.000000
31764.000000
33142.000000
34458.000000
34903.000000
35473.000000
36339.000000
37783.000000
38333.000000
40598.000000
41706.000000
42029.000000
42657.000000
43512.000000
44629.000000
45153.000000
45555.000000
46005.000000
46456.000000
47392.000000
48175.000000
49703.000000
50224.000000
51771.000000
52172.000000
53436.000000
53969.000000
55048.000000
56974.000000
58199.000000
59176.000000
77316.000000
77875.000000
79984.000000
80425.000000
81188.000000
81607.000000
87914.000000
88690.000000
90877.000000
91959.000000
92760.000000
93378.000000
94281.000000
94875.000000
96475.000000
97379.000000
99057.000000
100552.000000
101543.000000
102879.000000
103970.000000
104912.000000
105474.000000
116836.000000
117975.000000
120676.000000
121900.000000
122492.000000
127082.000000
127970.000000
129372.000000
134273.000000
135568.000000
136098.000000
136484.000000
137354.000000
139971.000000
140606.000000
143117.000000
144670.000000
149465.000000
149982.000000
150497.000000
151720.000000
153766.000000
154909.000000
158925.000000
159774.000000
161626.000000
163544.000000
166347.000000
167776.000000
169313.000000
169962.000000
171596.000000
172678.000000
173526.000000
174688.000000
176512.000000
178115.000000
183135.000000
183790.000000
184543.000000
185500.000000
186744.000000
187795.000000
188730.000000
190151.000000
190604.000000
191454.000000
195961.000000
197300.000000
198532.000000
200284.000000
200970.000000
201686.000000
203381.000000
204644.000000
205827.000000
206906.000000
207614.000000
210907.000000
211649.000000
220082.000000
221005.000000
222143.000000
222740.000000
224495.000000
224825.000000
225238.000000
225789.000000
226631.000000
227046.000000
228760.000000
229535.000000
231168.000000
231624.000000
232056.000000
232505.000000
232983.000000
233438.000000
233914.000000
234435.000000
235232.000000
235627.000000
236257.000000
236649.000000
237482.000000
238046.000000
238500.000000
238941.000000
240088.000000
240983.000000
241442.000000
241732.000000
242199.000000
242766.000000
243791.000000
245008.000000
245364.000000
245995.000000
252843.000000
296379.000000
317879.000000
318251.000000
318545.000000
319335.000000
320529.000000
349374.000000
352009.000000
353416.000000
354410.000000
355267.000000
358103.000000
358941.000000
359680.000000
360734.000000
361357.000000
362026.000000
362744.000000
363268.000000
363571.000000
364252.000000
364800.000000
366757.000000
371753.000000
395318.000000
395696.000000
396432.000000
398366.000000
400229.000000
401239.000000
402520.000000
403299.000000
403695.000000
404387.000000
405141.000000
406081.000000
407692.000000
408790.000000
409297.000000
409936.000000
410471.000000
411111.000000
411806.000000
413420.000000
414874.000000
415686.000000
416692.000000
417224.000000
418806.000000
421526.000000
423590.000000
424263.000000
424838.000000
425085.000000
426674.000000
428071.000000
429616.000000
430253.000000
432535.000000
435641.000000
436348.000000
436673.000000
437157.000000
438067.000000
438344.000000
438981.000000
439625.000000
440269.000000
440859.000000
441873.000000
442207.000000
442824.000000
444512.000000
446471.000000
446994.000000
447707.000000
448125.000000
448889.000000
449328.000000
449919.000000
450558.000000
451778.000000
453036.000000
453600.000000
453934.000000
454595.000000
455121.000000
456217.000000
456721.000000
457153.000000
457684.000000
458700.000000
459395.000000
462432.000000
463279.000000
465053.000000
469091.000000
470808.000000
471464.000000
472380.000000
473979.000000
474857.000000
475879.000000
477383.000000
478303.000000
478947.000000
479403.000000
480393.000000
481505.000000
482666.000000
482946.000000
483498.000000
483907.000000
485410.000000
486293.000000
486961.000000
487423.000000
488224.000000
489079.000000
490867.000000
491432.000000
492239.000000
492839.000000
493440.000000
493973.000000
494387.000000
494804.000000
495277.000000
495687.000000
497067.000000
497478.000000
498477.000000
499758.000000
500192.000000
500697.000000
501251.000000
501690.000000
502263.000000
502731.000000
504335.000000
504787.000000
506076.000000
508605.000000
510032.000000
510640.000000
531363.000000
532176.000000
533491.000000
534653.000000
536125.000000
537815.000000
539387.000000
540360.000000
540801.000000
541335.000000
541693.000000
542257.000000
542804.000000
543191.000000
543572.000000
543855.000000
544271.000000
544713.000000
545008.000000
546623.000000
547394.000000
547839.000000
548219.000000
548778.000000
549143.000000
549704.000000
550356.000000
551195.000000
551664.000000
552118.000000
552722.000000
555420.000000
555932.000000
556553.000000
556914.000000
557431.000000
557840.000000
558246.000000
558742.000000
560392.000000
561017.000000
561420.000000
561839.000000
562668.000000
564525.000000
567110.000000
567603.000000
568275.000000
568700.000000
569080.000000
569545.000000
570594.000000
571013.000000
571994.000000
572874.000000
573347.000000
573739.000000
574342.000000
574779.000000
575719.000000
576150.000000
576644.000000
578800.000000
579355.000000
579935.000000
580320.000000
580968.000000
581285.000000
581927.000000
582398.000000
583444.000000
584025.000000
584407.000000
584824.000000
585200.000000
586228.000000
587916.000000
588450.000000
590920.000000
592038.000000
595224.000000
595740.000000
596276.000000
597024.000000
598495.000000
599342.000000
599871.000000
600293.000000
600655.000000
600916.000000
601334.000000
601916.000000
602362.000000
603266.000000
605340.000000
607056.000000
608731.000000
609190.000000
616380.000000
616899.000000
618447.000000
624824.000000
630149.000000
631280.000000
633033.000000
636171.000000
636585.000000
639230.000000
647605.000000
649219.000000
649717.000000
650329.000000
651659.000000
652597.000000
653030.000000
653707.000000
654545.000000
655048.000000
656363.000000
657243.000000
657715.000000
659047.000000
660405.000000
660985.000000
661552.000000
661969.000000
663304.000000
664413.000000
666787.000000
668347.000000
668962.000000
670293.000000
670644.000000
671030.000000
671819.000000
672212.000000
672802.000000
717606.000000
719188.000000
720160.000000
728826.000000
730808.000000
734837.000000
738402.000000
738859.000000
739297.000000
739821.000000
744666.000000
746225.000000
747755.000000
748503.000000
749177.000000
749696.000000
750342.000000
750835.000000
751877.000000
752566.000000
753526.000000
759851.000000
761886.000000
762502.000000
769398.000000
824796.000000
825360.000000
827711.000000
829105.000000
830050.000000
830871.000000
833014.000000
834617.000000
835866.000000
836805.000000
837963.000000
839766.000000
840468.000000
842507.000000
843239.000000
845703.000000
848218.000000
849961.000000
851317.000000
852982.000000
854318.000000
855755.000000
856415.000000
857996.000000
859452.000000
860977.000000
861661.000000
863430.000000
865009.000000
866775.000000
867845.000000
874275.000000
875330.000000
875927.000000
876568.000000
877895.000000
879005.000000
880348.000000
881690.000000
882616.000000
883683.000000
889715.000000
890060.000000
890867.000000
892336.000000
893638.000000
894114.000000
896812.000000
897333.000000
898203.000000
898902.000000
904784.000000
908520.000000
909297.000000
910799.000000
913242.000000
914206.000000
916327.000000
917668.000000
919525.000000
921657.000000
924028.000000
925259.000000
926026.000000
931612.000000
932554.000000
936432.000000
938682.000000
944789.000000
945531.000000
966643.000000
971182.000000
972966.000000
975912.000000
989271.000000
991646.000000
993935.000000
994625.000000
995677.000000
996715.000000
997574.000000
998840.000000
1000332.000000
1002077.000000
1003000.000000
1003971.000000
1006723.000000
1007878.000000
1008525.000000
1009137.000000
1009602.000000
1010214.000000
1011285.000000
1014593.000000
1015117.000000
1015716.000000
1016259.000000
1016668.000000
1017510.000000
1017770.000000
1018136.000000
1019391.000000
1021166.000000
1023096.000000
