0.051197
0.069194
0.073289
0.081746
0.085902
0.108845
0.111418
0.114617
0.120467
0.124108
0.129261
0.131525
0.138805
0.141486
0.146046
0.148038
0.152284
0.154887
0.166617
0.168613
0.181567
0.184780
0.186535
0.189099
0.190948
0.193137
0.194954
0.197273
0.200711
0.203073
0.213310
0.222848
0.234355
0.236794
0.245669
0.248111
0.342688
0.344424
0.359868
0.361750
0.364505
0.366537
0.370343
0.375738
0.402188
0.404210
0.407061
0.410810
0.412780
0.415080
0.417768
0.420166
0.422396
0.424115
0.426528
0.429006
0.432868
0.435544
0.437515
0.439968
0.443802
0.446341
0.451340
0.496047
0.499061
0.515936
0.526724
0.534104
0.538070
0.542264
0.547140
0.552741
0.606417
0.622555
0.628872
0.636432
0.643695
0.661045
0.666406
0.672020
0.681315
0.691352
0.698641
0.703686
0.708512
0.712818
0.716884
0.725246
0.732439
0.735668
0.739399
0.746238
0.767344
0.774579
0.779557
0.784927
0.788222
0.792778
0.809788
0.812600
0.816261
0.828840
0.833537
0.836712
0.839280
0.851603
0.860147
0.863306
0.873205
0.927729
0.937117
0.940330
0.943343
0.950139
0.961354
0.969651
0.971508
0.975360
0.977026
0.978930
0.980871
0.985052
0.991082
1.000000
0.997561
0.991912
0.989205
0.985196
0.979351
0.970407
0.965598
0.955907
0.949863
0.948326
0.945075
0.940069
0.933118
0.928433
0.922841
0.914979
0.913175
0.910913
0.909066
0.906999
0.903922
0.902118
